1,1,1,0,0,0
2,1,1,0,1,0
3,1,1,0,2,0
4,1,1,0,3,0
5,1,1,testsample.getMaxTest@5a1224e7,4,0
6,1,1,0,5,0
12,1,1,testsample.getMaxTest@5a1224e7,6,0
13,1,1,0,7,0
14,1,1,0,8,0
15,1,1,30,9,0
16,1,1,10,10,0
17,1,1,20,11,0
18,1,1,30,1140,0
19,1,1,0,1141,0
20,1,1,30,1142,0
21,1,1,30,1143,0
22,1,1,0,1144,0
23,1,1,0,1145,0
24,1,1,0,1146,0
25,1,1,30,1147,0
26,1,1,20,1148,0
27,1,1,10,1149,0
28,1,1,30,2272,0
29,1,1,0,2273,0
30,1,1,30,2274,0
31,1,1,30,2275,0
32,1,1,0,2276,0
33,1,1,0,2277,0
34,1,1,0,2278,0
35,1,1,20,2279,0
36,1,1,10,2280,0
37,1,1,30,2281,0
38,1,1,30,3404,0
39,1,1,0,3405,0
40,1,1,30,3406,0
41,1,1,30,3407,0
42,1,1,0,3408,0
43,1,1,0,3409,0
44,1,1,0,3410,0
45,1,1,20,3411,0
46,1,1,30,3412,0
47,1,1,10,3413,0
48,1,1,30,4536,0
49,1,1,0,4537,0
50,1,1,30,4538,0
51,1,1,30,4539,0
52,1,1,0,4540,0
53,1,1,0,4541,0
54,1,1,0,4542,0
55,1,1,10,4543,0
56,1,1,20,4544,0
57,1,1,30,4545,0
58,1,1,30,5668,0
59,1,1,0,5669,0
60,1,1,30,5670,0
61,1,1,30,5671,0
62,1,1,0,5672,0
63,1,1,0,5673,0
64,1,1,0,5674,0
65,1,1,10,5675,0
66,1,1,30,5676,0
67,1,1,20,5677,0
68,1,1,20,6800,0
69,1,1,0,6801,0
70,1,1,30,6802,0
71,1,1,20,6803,0
76,1,1,69,6804,0
77,1,1,java.lang.AssertionError@54d5c1d5,6805,0
78,1,1,java.lang.AssertionError@54d5c1d5,6806,0
100,6,6,0,18,0,0,1150,0,0,2282,0,0,3414,0,0,4546,0,0,5678,0
101,6,6,30,19,0,30,1151,0,20,2283,0,20,3415,0,10,4547,0,10,5679,0
102,6,6,10,20,0,20,1152,0,10,2284,0,30,3416,0,20,4548,0,30,5680,0
103,6,6,20,21,0,10,1153,0,30,2285,0,10,3417,0,30,4549,0,20,5681,0
104,6,6,0,22,0,0,1154,0,0,2286,0,0,3418,0,0,4550,0,0,5682,0
105,6,6,0,23,0,0,1155,0,0,2287,0,0,3419,0,0,4551,0,0,5683,0
106,6,6,0,24,0,0,1156,0,0,2288,0,0,3420,0,0,4552,0,0,5684,0
107,6,6,30,25,0,30,1157,0,20,2289,0,20,3421,0,10,4553,0,10,5685,0
108,6,6,10,26,0,20,1158,0,10,2290,0,30,3422,0,20,4554,0,30,5686,0
110,3,3,109,3423,0,109,4555,0,109,5687,0
111,3,3,20,3424,0,10,4556,0,10,5688,0
112,3,3,10,3425,0,30,4557,0,20,5689,0
114,2,2,113,4558,0,113,5690,0
115,2,2,30,4559,0,20,5691,0
116,2,2,30,4560,0,20,5692,0
118,1,1,113,3426,0
119,1,1,30,3427,0
120,1,1,30,3428,0
122,3,3,109,27,0,109,1159,0,109,2291,0
123,3,3,30,28,0,30,1160,0,20,2292,0
124,3,3,20,29,0,10,1161,0,30,2293,0
126,1,1,125,2294,0
127,1,1,30,2295,0
128,1,1,30,2296,0
130,2,2,125,30,0,125,1162,0
131,2,2,30,31,0,30,1163,0
132,2,2,30,32,0,30,1164,0
133,6,6,125,33,0,125,1165,0,129,2297,0,121,3429,0,117,4561,0,117,5693,0
134,6,6,0,34,0,0,1166,0,0,2298,0,0,3430,0,0,4562,0,0,5694,0
135,606,64,147,6102,0,147,6113,0,147,6124,0,147,6135,0,147,6146,0,147,6157,0,147,6168,0,147,6179,0,147,6190,0,147,6201,0,147,6212,0,147,6223,0,147,6234,0,147,6245,0,147,6256,0,147,6267,0,147,6278,0,147,6289,0,147,6300,0,147,6311,0,147,6322,0,147,6333,0,147,6344,0,147,6355,0,147,6366,0,147,6377,0,147,6388,0,147,6399,0,147,6410,0,147,6421,0,147,6432,0,147,6443,0,147,6454,0,147,6465,0,147,6476,0,147,6487,0,147,6498,0,147,6509,0,147,6520,0,147,6531,0,147,6542,0,147,6553,0,147,6564,0,147,6575,0,147,6586,0,147,6597,0,147,6608,0,147,6619,0,147,6630,0,147,6641,0,147,6652,0,147,6663,0,147,6674,0,147,6685,0,147,6696,0,147,6707,0,147,6718,0,147,6729,0,147,6740,0,147,6751,0,147,6762,0,147,6773,0,147,6784,0,147,6795,0
136,606,64,37,6103,0,38,6114,0,39,6125,0,40,6136,0,41,6147,0,42,6158,0,43,6169,0,44,6180,0,45,6191,0,46,6202,0,47,6213,0,48,6224,0,49,6235,0,50,6246,0,51,6257,0,52,6268,0,53,6279,0,54,6290,0,55,6301,0,56,6312,0,57,6323,0,58,6334,0,59,6345,0,60,6356,0,61,6367,0,62,6378,0,63,6389,0,64,6400,0,65,6411,0,66,6422,0,67,6433,0,68,6444,0,69,6455,0,70,6466,0,71,6477,0,72,6488,0,73,6499,0,74,6510,0,75,6521,0,76,6532,0,77,6543,0,78,6554,0,79,6565,0,80,6576,0,81,6587,0,82,6598,0,83,6609,0,84,6620,0,85,6631,0,86,6642,0,87,6653,0,88,6664,0,89,6675,0,90,6686,0,91,6697,0,92,6708,0,93,6719,0,94,6730,0,95,6741,0,96,6752,0,97,6763,0,98,6774,0,99,6785,0,100,6796,0
138,600,64,137,6093,0,137,6104,0,137,6115,0,137,6126,0,137,6137,0,137,6148,0,137,6159,0,137,6170,0,137,6181,0,137,6192,0,137,6203,0,137,6214,0,137,6225,0,137,6236,0,137,6247,0,137,6258,0,137,6269,0,137,6280,0,137,6291,0,137,6302,0,137,6313,0,137,6324,0,137,6335,0,137,6346,0,137,6357,0,137,6368,0,137,6379,0,137,6390,0,137,6401,0,137,6412,0,137,6423,0,137,6434,0,137,6445,0,137,6456,0,137,6467,0,137,6478,0,137,6489,0,137,6500,0,137,6511,0,137,6522,0,137,6533,0,137,6544,0,137,6555,0,137,6566,0,137,6577,0,137,6588,0,137,6599,0,137,6610,0,137,6621,0,137,6632,0,137,6643,0,137,6654,0,137,6665,0,137,6676,0,137,6687,0,137,6698,0,137,6709,0,137,6720,0,137,6731,0,137,6742,0,137,6753,0,137,6764,0,137,6775,0,137,6786,0
139,600,64,[I@50ea4f97,6094,0,[I@50ea4f97,6105,0,[I@50ea4f97,6116,0,[I@50ea4f97,6127,0,[I@50ea4f97,6138,0,[I@50ea4f97,6149,0,[I@50ea4f97,6160,0,[I@50ea4f97,6171,0,[I@50ea4f97,6182,0,[I@50ea4f97,6193,0,[I@50ea4f97,6204,0,[I@50ea4f97,6215,0,[I@50ea4f97,6226,0,[I@50ea4f97,6237,0,[I@50ea4f97,6248,0,[I@50ea4f97,6259,0,[I@50ea4f97,6270,0,[I@50ea4f97,6281,0,[I@50ea4f97,6292,0,[I@50ea4f97,6303,0,[I@50ea4f97,6314,0,[I@50ea4f97,6325,0,[I@50ea4f97,6336,0,[I@50ea4f97,6347,0,[I@50ea4f97,6358,0,[I@50ea4f97,6369,0,[I@50ea4f97,6380,0,[I@50ea4f97,6391,0,[I@50ea4f97,6402,0,[I@50ea4f97,6413,0,[I@50ea4f97,6424,0,[I@50ea4f97,6435,0,[I@50ea4f97,6446,0,[I@50ea4f97,6457,0,[I@50ea4f97,6468,0,[I@50ea4f97,6479,0,[I@50ea4f97,6490,0,[I@50ea4f97,6501,0,[I@50ea4f97,6512,0,[I@50ea4f97,6523,0,[I@50ea4f97,6534,0,[I@50ea4f97,6545,0,[I@50ea4f97,6556,0,[I@50ea4f97,6567,0,[I@50ea4f97,6578,0,[I@50ea4f97,6589,0,[I@50ea4f97,6600,0,[I@50ea4f97,6611,0,[I@50ea4f97,6622,0,[I@50ea4f97,6633,0,[I@50ea4f97,6644,0,[I@50ea4f97,6655,0,[I@50ea4f97,6666,0,[I@50ea4f97,6677,0,[I@50ea4f97,6688,0,[I@50ea4f97,6699,0,[I@50ea4f97,6710,0,[I@50ea4f97,6721,0,[I@50ea4f97,6732,0,[I@50ea4f97,6743,0,[I@50ea4f97,6754,0,[I@50ea4f97,6765,0,[I@50ea4f97,6776,0,[I@50ea4f97,6787,0
140,600,64,36,6095,0,37,6106,0,38,6117,0,39,6128,0,40,6139,0,41,6150,0,42,6161,0,43,6172,0,44,6183,0,45,6194,0,46,6205,0,47,6216,0,48,6227,0,49,6238,0,50,6249,0,51,6260,0,52,6271,0,53,6282,0,54,6293,0,55,6304,0,56,6315,0,57,6326,0,58,6337,0,59,6348,0,60,6359,0,61,6370,0,62,6381,0,63,6392,0,64,6403,0,65,6414,0,66,6425,0,67,6436,0,68,6447,0,69,6458,0,70,6469,0,71,6480,0,72,6491,0,73,6502,0,74,6513,0,75,6524,0,76,6535,0,77,6546,0,78,6557,0,79,6568,0,80,6579,0,81,6590,0,82,6601,0,83,6612,0,84,6623,0,85,6634,0,86,6645,0,87,6656,0,88,6667,0,89,6678,0,90,6689,0,91,6700,0,92,6711,0,93,6722,0,94,6733,0,95,6744,0,96,6755,0,97,6766,0,98,6777,0,99,6788,0
141,600,64,20,6096,0,20,6107,0,20,6118,0,20,6129,0,20,6140,0,20,6151,0,20,6162,0,20,6173,0,20,6184,0,20,6195,0,20,6206,0,20,6217,0,20,6228,0,20,6239,0,20,6250,0,20,6261,0,20,6272,0,20,6283,0,20,6294,0,20,6305,0,20,6316,0,20,6327,0,20,6338,0,20,6349,0,20,6360,0,20,6371,0,20,6382,0,20,6393,0,20,6404,0,20,6415,0,20,6426,0,20,6437,0,20,6448,0,20,6459,0,20,6470,0,20,6481,0,20,6492,0,20,6503,0,20,6514,0,20,6525,0,20,6536,0,20,6547,0,20,6558,0,20,6569,0,20,6580,0,20,6591,0,20,6602,0,20,6613,0,20,6624,0,20,6635,0,20,6646,0,20,6657,0,20,6668,0,20,6679,0,20,6690,0,20,6701,0,20,6712,0,20,6723,0,20,6734,0,20,6745,0,20,6756,0,20,6767,0,20,6778,0,20,6789,0
142,600,64,[I@50ea4f97,6097,0,[I@50ea4f97,6108,0,[I@50ea4f97,6119,0,[I@50ea4f97,6130,0,[I@50ea4f97,6141,0,[I@50ea4f97,6152,0,[I@50ea4f97,6163,0,[I@50ea4f97,6174,0,[I@50ea4f97,6185,0,[I@50ea4f97,6196,0,[I@50ea4f97,6207,0,[I@50ea4f97,6218,0,[I@50ea4f97,6229,0,[I@50ea4f97,6240,0,[I@50ea4f97,6251,0,[I@50ea4f97,6262,0,[I@50ea4f97,6273,0,[I@50ea4f97,6284,0,[I@50ea4f97,6295,0,[I@50ea4f97,6306,0,[I@50ea4f97,6317,0,[I@50ea4f97,6328,0,[I@50ea4f97,6339,0,[I@50ea4f97,6350,0,[I@50ea4f97,6361,0,[I@50ea4f97,6372,0,[I@50ea4f97,6383,0,[I@50ea4f97,6394,0,[I@50ea4f97,6405,0,[I@50ea4f97,6416,0,[I@50ea4f97,6427,0,[I@50ea4f97,6438,0,[I@50ea4f97,6449,0,[I@50ea4f97,6460,0,[I@50ea4f97,6471,0,[I@50ea4f97,6482,0,[I@50ea4f97,6493,0,[I@50ea4f97,6504,0,[I@50ea4f97,6515,0,[I@50ea4f97,6526,0,[I@50ea4f97,6537,0,[I@50ea4f97,6548,0,[I@50ea4f97,6559,0,[I@50ea4f97,6570,0,[I@50ea4f97,6581,0,[I@50ea4f97,6592,0,[I@50ea4f97,6603,0,[I@50ea4f97,6614,0,[I@50ea4f97,6625,0,[I@50ea4f97,6636,0,[I@50ea4f97,6647,0,[I@50ea4f97,6658,0,[I@50ea4f97,6669,0,[I@50ea4f97,6680,0,[I@50ea4f97,6691,0,[I@50ea4f97,6702,0,[I@50ea4f97,6713,0,[I@50ea4f97,6724,0,[I@50ea4f97,6735,0,[I@50ea4f97,6746,0,[I@50ea4f97,6757,0,[I@50ea4f97,6768,0,[I@50ea4f97,6779,0,[I@50ea4f97,6790,0
143,600,64,36,6098,0,37,6109,0,38,6120,0,39,6131,0,40,6142,0,41,6153,0,42,6164,0,43,6175,0,44,6186,0,45,6197,0,46,6208,0,47,6219,0,48,6230,0,49,6241,0,50,6252,0,51,6263,0,52,6274,0,53,6285,0,54,6296,0,55,6307,0,56,6318,0,57,6329,0,58,6340,0,59,6351,0,60,6362,0,61,6373,0,62,6384,0,63,6395,0,64,6406,0,65,6417,0,66,6428,0,67,6439,0,68,6450,0,69,6461,0,70,6472,0,71,6483,0,72,6494,0,73,6505,0,74,6516,0,75,6527,0,76,6538,0,77,6549,0,78,6560,0,79,6571,0,80,6582,0,81,6593,0,82,6604,0,83,6615,0,84,6626,0,85,6637,0,86,6648,0,87,6659,0,88,6670,0,89,6681,0,90,6692,0,91,6703,0,92,6714,0,93,6725,0,94,6736,0,95,6747,0,96,6758,0,97,6769,0,98,6780,0,99,6791,0
144,600,64,20,6099,0,20,6110,0,20,6121,0,20,6132,0,20,6143,0,20,6154,0,20,6165,0,20,6176,0,20,6187,0,20,6198,0,20,6209,0,20,6220,0,20,6231,0,20,6242,0,20,6253,0,20,6264,0,20,6275,0,20,6286,0,20,6297,0,20,6308,0,20,6319,0,20,6330,0,20,6341,0,20,6352,0,20,6363,0,20,6374,0,20,6385,0,20,6396,0,20,6407,0,20,6418,0,20,6429,0,20,6440,0,20,6451,0,20,6462,0,20,6473,0,20,6484,0,20,6495,0,20,6506,0,20,6517,0,20,6528,0,20,6539,0,20,6550,0,20,6561,0,20,6572,0,20,6583,0,20,6594,0,20,6605,0,20,6616,0,20,6627,0,20,6638,0,20,6649,0,20,6660,0,20,6671,0,20,6682,0,20,6693,0,20,6704,0,20,6715,0,20,6726,0,20,6737,0,20,6748,0,20,6759,0,20,6770,0,20,6781,0,20,6792,0
145,600,64,0,6100,0,0,6111,0,0,6122,0,0,6133,0,0,6144,0,0,6155,0,0,6166,0,0,6177,0,0,6188,0,0,6199,0,0,6210,0,0,6221,0,0,6232,0,0,6243,0,0,6254,0,0,6265,0,0,6276,0,0,6287,0,0,6298,0,0,6309,0,0,6320,0,0,6331,0,0,6342,0,0,6353,0,0,6364,0,0,6375,0,0,6386,0,0,6397,0,0,6408,0,0,6419,0,0,6430,0,0,6441,0,0,6452,0,0,6463,0,0,6474,0,0,6485,0,0,6496,0,0,6507,0,0,6518,0,0,6529,0,0,6540,0,0,6551,0,0,6562,0,0,6573,0,0,6584,0,0,6595,0,0,6606,0,0,6617,0,0,6628,0,0,6639,0,0,6650,0,0,6661,0,0,6672,0,0,6683,0,0,6694,0,0,6705,0,0,6716,0,0,6727,0,0,6738,0,0,6749,0,0,6760,0,0,6771,0,0,6782,0,0,6793,0
146,600,64,37,6101,0,38,6112,0,39,6123,0,40,6134,0,41,6145,0,42,6156,0,43,6167,0,44,6178,0,45,6189,0,46,6200,0,47,6211,0,48,6222,0,49,6233,0,50,6244,0,51,6255,0,52,6266,0,53,6277,0,54,6288,0,55,6299,0,56,6310,0,57,6321,0,58,6332,0,59,6343,0,60,6354,0,61,6365,0,62,6376,0,63,6387,0,64,6398,0,65,6409,0,66,6420,0,67,6431,0,68,6442,0,69,6453,0,70,6464,0,71,6475,0,72,6486,0,73,6497,0,74,6508,0,75,6519,0,76,6530,0,77,6541,0,78,6552,0,79,6563,0,80,6574,0,81,6585,0,82,6596,0,83,6607,0,84,6618,0,85,6629,0,86,6640,0,87,6651,0,88,6662,0,89,6673,0,90,6684,0,91,6695,0,92,6706,0,93,6717,0,94,6728,0,95,6739,0,96,6750,0,97,6761,0,98,6772,0,99,6783,0,100,6794,0
148,6,6,137,1137,0,137,2269,0,137,3401,0,137,4533,0,137,5665,0,137,6797,0
149,6,6,30,1138,0,30,2270,0,30,3402,0,30,4534,0,30,5666,0,20,6798,0
150,6,6,30,1139,0,30,2271,0,30,3403,0,30,4535,0,30,5667,0,20,6799,0
156,1,1,0,12,0
157,1,1,0,13,0
158,1,1,100,14,0
159,1,1,[I@50ea4f97,15,0
160,1,1,[I@50ea4f97,16,0
161,1,1,0,17,0
